version: 1.4
contact: 0 0 0
end: 0 0 0
heading: 0 1 0
up: 0 0 -1
size: 1
points: 4
range: 0.0 1.0
dimension: 4
type: bspline
0.269398 -0.447751 0.000000 3
0.251672 -0.146409 0.000000 1
0.178207 0.113511 0.000000 1
0.002079 0.143115 0.000000 3
